ANP,ecstasy,joy,serenity,admiration,trust,acceptance,terror,fear,apprehension,amazement,surprise,distraction,grief,sadness,pensiveness,loathing,disgust,boredom,rage,anger,annoyance,vigilance,anticipation,interest
tiny_dog,0.015922188272,0.0754975616334,0.0369852635198,0.0297112077994,0.0496982501673,0.023883282408,0.0435002273267,0.0524045047648,0.015922188272,0.0967184693976,0.0354228066994,0.023883282408,0.0384395628689,0.107041075443,0.0297112077994,0.0271808755704,0.0271808755704,0.0487466202902,0.0251148679569,0.0526929070116,0.0337237359353,0.015922188272,0.0271808755704,0.0675159750429
scientific_illustration,0.0343047495551,0.0343047495551,0.0343047495551,0.0343047495551,0.0585618705924,0.0343047495551,0.0514571243326,0.0514571243326,0.0343047495551,0.0514571243326,0.0343047495551,0.0343047495551,0.0343047495551,0.0640135341403,0.0343047495551,0.0343047495551,0.0343047495551,0.0514571243326,0.0343047495551,0.0541106059452,0.0343047495551,0.0343047495551,0.0343047495551,0.0686094991102
bygone_age,0.0330277979273,0.0330277979273,0.0616307099633,0.0330277979273,0.0330277979273,0.0330277979273,0.0330277979273,0.0330277979273,0.0330277979273,0.0660555958545,0.0902336219994,0.0330277979273,0.0330277979273,0.105010214674,0.0330277979273,0.0330277979273,0.0330277979273,0.0330277979273,0.0330277979273,0.0330277979273,0.0330277979273,0.0330277979273,0.0330277979273,0.0495416968909
old_books,0.0299113053256,0.0630122462295,0.0379004930577,0.0113171760495,0.0484265290463,0.015399383931,0.0329392553091,0.0531538183259,0.00662944824204,0.208446882985,0.0402702239145,0.0140413967033,0.0298325170892,0.0783378949362,0.0206926316645,0.0265177929682,0.0171115262796,0.0442774771918,0.0132588964841,0.0452854420307,0.0147488309766,0.00662944824204,0.0132588964841,0.128600486534
long_socks,0.0688589457622,0.0573705596721,0.0544727579464,0.0217891031785,0.0217891031785,0.0217891031785,0.0326836547678,0.0526035484056,0.0217891031785,0.119840067482,0.0326836547678,0.0217891031785,0.0217891031785,0.081461019772,0.0326836547678,0.0217891031785,0.0371963257921,0.0610699675569,0.0217891031785,0.0526035484056,0.0406590200569,0.0217891031785,0.0217891031785,0.0579222430593
natural_beauty,0.0153012048532,0.137452408028,0.149961903679,0.0137710125815,0.0426766367121,0.00821732428016,0.0146803059289,0.0339942198723,0.0125549543138,0.169131443996,0.0298330799263,0.0116390827397,0.0123352918228,0.0788341420432,0.0275585460429,0.00969923561638,0.0148531266892,0.0127691905256,0.0133829655086,0.0313132753532,0.00969923561638,0.00387969424655,0.0220770732839,0.124384646341
classic_trucks,0.0281063679638,0.0503511122373,0.030418463345,0.0178187232809,0.101395943778,0.0178187232809,0.0267280849214,0.0267280849214,0.0178187232809,0.217833396042,0.0356374465619,0.0178187232809,0.0178187232809,0.0623655314833,0.0178187232809,0.0178187232809,0.0178187232809,0.0178187232809,0.0281063679638,0.0408225961202,0.0178187232809,0.0178187232809,0.0178187232809,0.137681925291
shiny_legs,0.0587620381478,0.0917545348708,0.0322625981104,0.0215083987402,0.0215083987402,0.0215083987402,0.040135218444,0.040135218444,0.0215083987402,0.108211525939,0.0367171333419,0.0215083987402,0.040135218444,0.0537709968506,0.0215083987402,0.0215083987402,0.0499613358232,0.0741930008382,0.0215083987402,0.0463441583453,0.0430167974805,0.0215083987402,0.0322625981104,0.0587620381478
long_race,0.0134822574792,0.0901456187265,0.0451009539583,0.0202233862187,0.0894509202212,0.0251582349565,0.0347995782966,0.0412766433083,0.0134822574792,0.129656766538,0.0358400521718,0.0202233862187,0.0337056436979,0.0539290299166,0.0420824445468,0.0134822574792,0.0202233862187,0.0368342124338,0.0325490488576,0.078607748319,0.0134822574792,0.0134822574792,0.0202233862187,0.0825582717806
outdoor_advertising,0.0231274383328,0.049832703827,0.0462548766656,0.0231274383328,0.0231274383328,0.0231274383328,0.0462548766656,0.0231274383328,0.0231274383328,0.076119056728,0.20264463481,0.0346911574992,0.0231274383328,0.0462548766656,0.0231274383328,0.0231274383328,0.0431563874535,0.0394810068094,0.0364800710799,0.0364800710799,0.0231274383328,0.0231274383328,0.0231274383328,0.0648210207223
crazy_donkey,0.0315683246609,0.0497943054018,0.0315683246609,0.0315683246609,0.0315683246609,0.0315683246609,0.108894612115,0.0473524869914,0.0315683246609,0.0589072957722,0.0315683246609,0.0315683246609,0.0473524869914,0.0315683246609,0.0315683246609,0.0315683246609,0.0473524869914,0.0538905010994,0.0315683246609,0.0497943054018,0.0315683246609,0.0315683246609,0.0315683246609,0.0631366493219
lost_cat,0.0227188808519,0.0525104609102,0.0393502559267,0.0144031933146,0.0305064529868,0.0144031933146,0.0268767246206,0.0563953569893,0.0144031933146,0.0800128613246,0.0440961370057,0.0216047899719,0.0642973185388,0.140790701715,0.0320434304583,0.0432095799437,0.0334568271124,0.0599500897684,0.0261633514104,0.0559816310014,0.0347723846415,0.0144031933146,0.0144031933146,0.0632467982497
funny_stuff,0.0128615418996,0.0637689913272,0.0393762897798,0.0128615418996,0.0239999639165,0.0239999639165,0.0286136493793,0.0385846256988,0.0128615418996,0.12046892177,0.0443657568591,0.0257230837992,0.0416208238826,0.0738691918363,0.0219560253933,0.0257230837992,0.0310505088871,0.0622572308362,0.0338643518726,0.0609850251536,0.042331036554,0.0128615418996,0.0239999639165,0.121995343824
classic_chevy,0.0316066191823,0.0602754718977,0.0340735266663,0.0146686830116,0.0250410082401,0.0146686830116,0.0146686830116,0.0250410082401,0.0146686830116,0.349648221588,0.0220030245173,0.0146686830116,0.0146686830116,0.0354133334687,0.0146686830116,0.0220030245173,0.0146686830116,0.0293373660231,0.0336058713497,0.0625764011142,0.0146686830116,0.0146686830116,0.0146686830116,0.108019610068
outdoor_ceremony,0.0140695905929,0.173324347223,0.0464727236173,0.0132223169379,0.0519013351078,0.038484271296,0.0728948055061,0.0319306261004,0.00774545393622,0.117624484722,0.035672085255,0.0132223169379,0.03749243422,0.0700710960902,0.0154909078724,0.00774545393622,0.0116181809043,0.033140622951,0.0154909078724,0.0330420005629,0.00774545393622,0.0144532138088,0.0267178639062,0.110427506707
fluffy_dog,0.0143078152272,0.107400285788,0.039089678146,0.0143078152272,0.040101595948,0.0143078152272,0.030304438956,0.0429234456816,0.0143078152272,0.0854882972448,0.043804131954,0.0244249683983,0.0143078152272,0.128097681729,0.0332352756751,0.0143078152272,0.0244249683983,0.0560219063823,0.0143078152272,0.0587926205758,0.030304438956,0.0143078152272,0.030304438956,0.110819305394
sticky_rice,0.0439921834747,0.05577985351,0.027889926755,0.027889926755,0.027889926755,0.027889926755,0.027889926755,0.027889926755,0.027889926755,0.144561861049,0.027889926755,0.027889926755,0.027889926755,0.0418348901325,0.027889926755,0.027889926755,0.0418348901325,0.0476110830902,0.027889926755,0.027889926755,0.027889926755,0.027889926755,0.027889926755,0.150256483776
silent_lake,0.0209160030792,0.073553456511,0.158469537177,0.0209160030792,0.0313740046188,0.0209160030792,0.0209160030792,0.0357058506918,0.0209160030792,0.110879133966,0.0313740046188,0.0209160030792,0.0313740046188,0.0762545456481,0.0357058506918,0.0209160030792,0.0209160030792,0.0313740046188,0.0209160030792,0.0329918630873,0.0209160030792,0.0209160030792,0.0313740046188,0.0894937052621
open_tech,0.0257751945138,0.0406565100048,0.0545927380469,0.0257751945138,0.0440010093409,0.0257751945138,0.0440010093409,0.0440010093409,0.0257751945138,0.187769780111,0.0545927380469,0.0257751945138,0.0257751945138,0.0515503890276,0.0257751945138,0.0257751945138,0.0386627917707,0.0257751945138,0.0257751945138,0.0406565100048,0.0257751945138,0.0257751945138,0.0257751945138,0.0644379862845
soft_toy,0.0123243270037,0.109626690369,0.0455085930297,0.0123243270037,0.0391845749819,0.0123243270037,0.0274184832949,0.0353810315889,0.0123243270037,0.118162960838,0.100337626231,0.0123243270037,0.0377315780042,0.0814944407594,0.0246486540074,0.0123243270037,0.0184864905056,0.0377315780042,0.0246486540074,0.0892897244735,0.0246486540074,0.0123243270037,0.0261033434823,0.0733266333889
beautiful_clouds,0.00761941048267,0.0825825634095,0.141512818491,0.0312133260958,0.0220804100746,0.00514619879585,0.0105510071098,0.0234047704036,0.00602914691988,0.32271929166,0.0259728809418,0.00823596785571,0.0116732765066,0.0562838863394,0.0108466650536,0.00514619879585,0.00638496904974,0.0317322426367,0.0106010836318,0.0241165876795,0.00727782413176,0.00301457345994,0.0119318020105,0.133923098465
wild_wings,0.0184629042399,0.0825823812908,0.087336059303,0.0175575183907,0.0551083593693,0.0175575183907,0.0539080341456,0.0365350928902,0.0117050122605,0.139926997279,0.0372154950486,0.0117050122605,0.0175575183907,0.0518277728361,0.0218418502297,0.0117050122605,0.0218418502297,0.023410024521,0.0212621147509,0.0768757623908,0.0271892880276,0.0117050122605,0.0260406659961,0.119142743238
fat_face,0.016573960045,0.0875394172208,0.0282935195839,0.016573960045,0.0309274304853,0.0309274304853,0.0368728326087,0.0580088601575,0.016573960045,0.0641790359348,0.0452809009255,0.0248609400675,0.0368728326087,0.0990283701843,0.0282935195839,0.0282935195839,0.0400130791228,0.0554433417438,0.0379708504566,0.0994437602699,0.03314792009,0.016573960045,0.016573960045,0.0517326386618
high_prairie,0.0210702003882,0.0508679635392,0.0632106011647,0.0210702003882,0.0359690819637,0.0393175291873,0.0508679635392,0.0508679635392,0.0210702003882,0.216467200412,0.0210702003882,0.0210702003882,0.0210702003882,0.0681846007559,0.0210702003882,0.0210702003882,0.0210702003882,0.0359690819637,0.0210702003882,0.0210702003882,0.0210702003882,0.0210702003882,0.0210702003882,0.0932952084997
gothic_theatre,0.0246382406056,0.0739147218169,0.0420601076144,0.0246382406056,0.0369573609085,0.0246382406056,0.100578398305,0.0707321680852,0.0246382406056,0.0246382406056,0.0246382406056,0.0246382406056,0.0369573609085,0.121639090871,0.0521846310257,0.0246382406056,0.0246382406056,0.0246382406056,0.0246382406056,0.0564460724541,0.0246382406056,0.0246382406056,0.0246382406056,0.0635947195322
cold_beer,0.018177452755,0.0651114339528,0.0567376530784,0.018177452755,0.0310308528628,0.018177452755,0.0272661791325,0.0811459962028,0.018177452755,0.11086463906,0.033919588617,0.033919588617,0.0272661791325,0.0727098110201,0.018177452755,0.018177452755,0.0272661791325,0.0608073581929,0.0438842529706,0.0478611088039,0.0310308528628,0.018177452755,0.0363549055101,0.0855812515656
big_boobs,0.121801416737,0.0531595727783,0.0265797863891,0.0437408639656,0.0308707693663,0.0199348397918,0.0247992783146,0.0320846403928,0.0132898931946,0.208497570009,0.0226872667937,0.0199348397918,0.0132898931946,0.0621200787887,0.0132898931946,0.0132898931946,0.0332247329864,0.0363086634347,0.0265797863891,0.0419993437624,0.0490740257555,0.0132898931946,0.0132898931946,0.0668631653855
happy_people,0.0145271981699,0.273767530742,0.03671509352,0.0106012978872,0.0340918602937,0.0119140478417,0.0140891548703,0.0357520693699,0.00529134529167,0.143913230735,0.0479389746068,0.00850687018667,0.0136333555927,0.0964756192583,0.0314740158823,0.00774706718779,0.0179071684779,0.0271046504266,0.0156221574911,0.0377571822518,0.0139994838677,0.00425343509333,0.0191250396333,0.077792151323
pacific_life,0.0185823180219,0.0911003277125,0.108569188871,0.0117807175647,0.0321855189363,0.0117807175647,0.0219831182505,0.036067288997,0.0117807175647,0.20183038469,0.037456196238,0.017671076347,0.0273651420356,0.0517310745454,0.0219831182505,0.0117807175647,0.0117807175647,0.0284411681191,0.0213996331771,0.0343390742551,0.0201109428419,0.0117807175647,0.0201109428419,0.138389180481
slow_sync,0.039001134485,0.0946606496191,0.0494514569742,0.0247257284871,0.0247257284871,0.0247257284871,0.0370885927307,0.0523699333323,0.0247257284871,0.0800141381775,0.0550084376431,0.0247257284871,0.0247257284871,0.0370885927307,0.0247257284871,0.0247257284871,0.0247257284871,0.0827127017716,0.0494514569742,0.0566465067049,0.0370885927307,0.0247257284871,0.0247257284871,0.057434792768
sexy_lips,0.0236444407232,0.0868997002706,0.0440214129966,0.0219196020178,0.0248269870619,0.0124730337485,0.0279725329763,0.0380895089344,0.0146130680119,0.201583412456,0.0429141761706,0.00730653400595,0.0109598010089,0.134700307444,0.0331390327188,0.00730653400595,0.0136341780687,0.034645080941,0.0157433927563,0.0616571945474,0.0136341780687,0.00730653400595,0.0194230499138,0.101586307147
professional_athlete,0.0186576917286,0.218739145076,0.0318506720712,0.0186576917286,0.0279865375929,0.0186576917286,0.0186576917286,0.0318506720712,0.0186576917286,0.162273448326,0.0279865375929,0.0186576917286,0.0186576917286,0.0535630367669,0.0186576917286,0.0186576917286,0.0279865375929,0.0495979731876,0.0373153834572,0.0402017384126,0.0186576917286,0.0186576917286,0.0318506720712,0.0535630367669
sunny_cove,0.0296086795935,0.0592173591871,0.115932072783,0.0296086795935,0.0592173591871,0.0296086795935,0.0296086795935,0.0296086795935,0.0296086795935,0.125551767027,0.0296086795935,0.0296086795935,0.0296086795935,0.0444130193903,0.0296086795935,0.0296086795935,0.0296086795935,0.0296086795935,0.0296086795935,0.0296086795935,0.0296086795935,0.0296086795935,0.0296086795935,0.0627121897411
cracked_paint,0.0263560659618,0.05648463372,0.0624687662331,0.016709076276,0.0285241774181,0.016709076276,0.033418152552,0.084581664962,0.025063614414,0.101498377915,0.0417726906899,0.016709076276,0.0403392785602,0.116264888085,0.016709076276,0.016709076276,0.0311795608047,0.0353903914731,0.0382804009918,0.0528048064942,0.016709076276,0.016709076276,0.016709076276,0.0918999195179
dark_tourism,0.0122045478235,0.158319713199,0.0856856562777,0.0122045478235,0.0324435007568,0.0122045478235,0.0671250130293,0.0549204652058,0.0183068217353,0.166339821264,0.0183068217353,0.0183068217353,0.0227739962804,0.0517518027163,0.0183068217353,0.0122045478235,0.0183068217353,0.0305113695588,0.0192508467948,0.0355744776718,0.0122045478235,0.0122045478235,0.0183068217353,0.0922351198931
open_season,0.019394848511,0.111558853512,0.068284635808,0.00969742425552,0.120583558929,0.0205394741765,0.0308324704268,0.0334511655008,0.00969742425552,0.155320322135,0.0727306819164,0.0145461363833,0.0165545387066,0.0344211020108,0.0165545387066,0.0145461363833,0.0165545387066,0.0165545387066,0.0245104844879,0.027402417637,0.0145461363833,0.00969742425552,0.0180956400121,0.123925508194
wild_touch,0.0197207196622,0.0743249198422,0.0552727526278,0.0197207196622,0.0524238335199,0.0295810794933,0.0336653742652,0.0552727526278,0.0197207196622,0.130841331575,0.0417691545272,0.0197207196622,0.0295810794933,0.0638175893921,0.0295810794933,0.0197207196622,0.0197207196622,0.0197207196622,0.0311064824678,0.0652637708846,0.0197207196622,0.0197207196622,0.0295810794933,0.100431243337
ultimate_peace,0.0260420400992,0.23742121624,0.0346139389957,0.0130210200496,0.0242975541957,0.0222282716246,0.0195315300744,0.0242975541957,0.0130210200496,0.032552550124,0.0222282716246,0.0130210200496,0.0260420400992,0.286152240854,0.0130210200496,0.0130210200496,0.0195315300744,0.0222282716246,0.0205387094803,0.0390630601488,0.0195315300744,0.0130210200496,0.0195315300744,0.0260420400992
fishy_strawberry,0.0372217320936,0.0372217320936,0.0372217320936,0.0372217320936,0.0372217320936,0.0372217320936,0.0372217320936,0.0372217320936,0.0372217320936,0.0372217320936,0.0558325981404,0.0372217320936,0.0372217320936,0.0694566976595,0.0558325981404,0.0372217320936,0.0558325981404,0.0372217320936,0.0372217320936,0.0372217320936,0.0372217320936,0.0372217320936,0.0372217320936,0.0558325981404
wet_day,0.011886411965,0.0826409059943,0.077215290026,0.0113035248389,0.0578049602732,0.0461445707281,0.0221284710442,0.0403829648784,0.0113035248389,0.130785001885,0.0319540877123,0.0128642159359,0.0235212813558,0.122315790519,0.0285141374835,0.0128642159359,0.0205878694431,0.0572369276084,0.0181927486459,0.0490389902149,0.0230708921769,0.00753568322596,0.0181927486459,0.0825147846244
big_tree,0.00726572771386,0.0817172818767,0.0979418931448,0.0175410183873,0.0644761249432,0.0124033730506,0.0246883307188,0.0430452872541,0.0124033730506,0.163478873562,0.0376604474232,0.0124033730506,0.0281349417263,0.0897085284823,0.0181643192847,0.00726572771386,0.0193145740417,0.0339617159773,0.0183643101231,0.0440755612701,0.0203642046268,0.0108985915708,0.0203642046268,0.11435821638
abandoned_hospital,0.0103453635502,0.0569951915818,0.0476461022938,0.0103453635502,0.0442649062962,0.0103453635502,0.0726327003711,0.15728959057,0.0155180453253,0.0969008849744,0.0176606402704,0.0103453635502,0.0193047111961,0.203889393283,0.0176606402704,0.0103453635502,0.0155180453253,0.0193047111961,0.0187923175174,0.0456815072018,0.0103453635502,0.0103453635502,0.0103453635502,0.0681777039257
creative_leadership,0.0252109190305,0.114937237462,0.0252109190305,0.0252109190305,0.143460610971,0.0252109190305,0.0252109190305,0.100843676122,0.0252109190305,0.0252109190305,0.0378163785458,0.0252109190305,0.0252109190305,0.0430377308369,0.0533975833943,0.0252109190305,0.0252109190305,0.0252109190305,0.0252109190305,0.0252109190305,0.0252109190305,0.0252109190305,0.0470442153637,0.0560878628162
gothic_festival,0.0157537535737,0.132940221472,0.0293969043735,0.0157537535737,0.045226327788,0.0157537535737,0.0518501376893,0.0643100831383,0.0157537535737,0.104171476216,0.0157537535737,0.0157537535737,0.0236306303606,0.052699580593,0.0157537535737,0.0157537535737,0.0157537535737,0.0333669855195,0.15665960914,0.0445160408994,0.0157537535737,0.0157537535737,0.0236306303606,0.0643100831383
affordable_homes,0.0276976323813,0.0668679997406,0.041546448572,0.0276976323813,0.0692440809533,0.0276976323813,0.041546448572,0.0472828160609,0.0276976323813,0.0643381559744,0.041546448572,0.0276976323813,0.0276976323813,0.06162016559,0.0276976323813,0.0276976323813,0.0276976323813,0.0276976323813,0.0436888678926,0.0503126545204,0.0276976323813,0.0276976323813,0.0276976323813,0.111936692595
spread_wings,0.0304979391745,0.0765434417355,0.0671577133581,0.0335788566791,0.0533811390654,0.0167894283395,0.0251841425093,0.0446315454629,0.0167894283395,0.0964286795872,0.0405332656018,0.0167894283395,0.037352194592,0.0761490214952,0.0167894283395,0.0167894283395,0.0335788566791,0.0251841425093,0.0264828093109,0.0579149608444,0.0313294997966,0.0167894283395,0.0543317314101,0.0890034901517
skeletal_mess,0.0239015617847,0.0547583453649,0.0635378179564,0.0239015617847,0.0239015617847,0.0408025182036,0.0531748769988,0.066990715074,0.0239015617847,0.0478031235694,0.0408025182036,0.0358523426771,0.0239015617847,0.0859996408718,0.0358523426771,0.0239015617847,0.0239015617847,0.0446009214804,0.0239015617847,0.0515007080456,0.0358523426771,0.0239015617847,0.0358523426771,0.0915053874604
rising_tide,0.0141819552553,0.0612181796309,0.0648216644718,0.0141819552553,0.110889996551,0.021272932883,0.0300378632577,0.0329429186105,0.0141819552553,0.247969240109,0.0315512322206,0.0141819552553,0.0242101119869,0.042545865766,0.0141819552553,0.0141819552553,0.0141819552553,0.0242101119869,0.030557866624,0.0489205091859,0.0141819552553,0.021272932883,0.0141819552553,0.0799409765345
spiritual_blessing,0.0327341740873,0.0984018840918,0.0997763137902,0.0207526347994,0.05516698632,0.0387249437312,0.0207526347994,0.0415052695989,0.0207526347994,0.0726342217981,0.0311289521992,0.0207526347994,0.0415052695989,0.0354269635936,0.0207526347994,0.0207526347994,0.0311289521992,0.0311289521992,0.0207526347994,0.0475441711222,0.0354269635936,0.0207526347994,0.0354269635936,0.106317940087
lovely_people,0.0390900485083,0.135946205176,0.050816754935,0.0190746856861,0.020526332902,0.00778644740338,0.0118982137349,0.01880436273,0.00709980330316,0.268213523935,0.0398804346604,0.014342576801,0.0216354688824,0.0771357473948,0.0254605083944,0.005722345547,0.0104628918153,0.0244860848353,0.00977080240329,0.0333339195354,0.0106577448624,0.00335207241285,0.0142140284678,0.130288995674
popular_library,0.027925478768,0.0440482614519,0.0476717741727,0.027925478768,0.0418882181519,0.027925478768,0.0521096527939,0.0558509575359,0.027925478768,0.0621270656702,0.0476717741727,0.0418882181519,0.027925478768,0.0521096527939,0.0418882181519,0.027925478768,0.0418882181519,0.0418882181519,0.0440482614519,0.027925478768,0.027925478768,0.027925478768,0.027925478768,0.105666721518
empty_beach,0.0271852120747,0.071792668004,0.149518666411,0.0253641481693,0.0302400805704,0.0135926060373,0.020388909056,0.0315739336594,0.0135926060373,0.0883519392427,0.0361333931118,0.0232040299403,0.0232040299403,0.0984784035336,0.0287896015828,0.0135926060373,0.020388909056,0.0454700928247,0.0246909223927,0.0429559910852,0.0232040299403,0.020388909056,0.0302400805704,0.0976582316664
evil_dog,0.0165311394214,0.0570239958705,0.0282204202069,0.0165311394214,0.0439449328302,0.0165311394214,0.0451639128062,0.0647272787878,0.0165311394214,0.0570239958705,0.0383997813201,0.0165311394214,0.0165311394214,0.110409965047,0.0165311394214,0.024796709132,0.0761350102469,0.0485435532577,0.0435263770541,0.100823741913,0.0367775676459,0.0165311394214,0.0282204202069,0.0640132224337
popular_music,0.0329302891239,0.0936942629248,0.0406666489714,0.0325716719971,0.0382585774395,0.0130286687989,0.0365164355015,0.0314539889139,0.0130286687989,0.15106493993,0.0325716719971,0.0195430031983,0.0130286687989,0.0694444595854,0.033628802941,0.0130286687989,0.0130286687989,0.0260573375977,0.0491034191811,0.0449422593838,0.0195430031983,0.0130286687989,0.0195430031983,0.150294212124
open_shirt,0.014449519173,0.0728465556623,0.0424308927318,0.0216742787595,0.0269631698493,0.0246668721651,0.115853852233,0.0533560402382,0.0216742787595,0.0704122662907,0.0717942706173,0.0246668721651,0.0246668721651,0.0618254360143,0.0372962150135,0.014449519173,0.0246668721651,0.0372962150135,0.0331037682122,0.0691545158559,0.028899038346,0.014449519173,0.028899038346,0.0645041218781
cheap_time,0.0251326376261,0.069573452206,0.0435310052966,0.0297322295437,0.0541405337734,0.0239001806862,0.0370114319192,0.0435310052966,0.0159334537908,0.0681747756473,0.0478003613724,0.0159334537908,0.0411264562768,0.0781555799437,0.027200107014,0.0159334537908,0.0337475966871,0.0744767012324,0.0318669075816,0.061929372967,0.0354478696047,0.0159334537908,0.027200107014,0.0825878731478
liberal_democrats,0.0294605964278,0.0680926805855,0.0186772697246,0.0186772697246,0.0466931743114,0.0186772697246,0.0415521600313,0.0939677510016,0.0186772697246,0.0450909178772,0.0395590920937,0.0280159045869,0.0280159045869,0.0318840938009,0.0186772697246,0.0833772299438,0.0373545394491,0.0280159045869,0.040243923131,0.167705809758,0.0186772697246,0.0186772697246,0.0186772697246,0.0415521600313
old_warden,0.0385608127583,0.0212281229501,0.0318421844251,0.0212281229501,0.330860508446,0.0212281229501,0.03623867264,0.0396122166995,0.0212281229501,0.0212281229501,0.0212281229501,0.0212281229501,0.0212281229501,0.03623867264,0.0212281229501,0.0212281229501,0.0212281229501,0.0318421844251,0.0334841854497,0.0457402479493,0.0212281229501,0.0212281229501,0.0212281229501,0.0783865932662
broken_bells,0.022156141838,0.0605317052012,0.0691564162538,0.022156141838,0.033234212757,0.022156141838,0.022156141838,0.0413439235196,0.022156141838,0.0972912743873,0.022156141838,0.033234212757,0.0378228999766,0.0838362303098,0.022156141838,0.022156141838,0.0636064877234,0.0443122836761,0.022156141838,0.0956397511167,0.022156141838,0.022156141838,0.022156141838,0.074116900265
sacred_architecture,0.028004679037,0.0519208541862,0.122689721939,0.0392454160737,0.0659244040949,0.0140023395185,0.0210035092777,0.0311516330313,0.0140023395185,0.161858027901,0.0210035092777,0.0140023395185,0.0392454160737,0.0713093838137,0.0338046379705,0.0140023395185,0.0140023395185,0.0239034887445,0.0220865940088,0.0420070185555,0.0140023395185,0.0140023395185,0.0210035092777,0.105821820107
happy_baby,0.0096874842805,0.226418396402,0.0280050683252,0.0120380621228,0.0328789462783,0.0127581367525,0.0100317184356,0.0228338594737,0.00849900824491,0.0939631411345,0.0491888470204,0.00685008582738,0.0192925456678,0.190537918285,0.0239755550064,0.00601903106139,0.00802537474852,0.0393380132351,0.00864613964566,0.0906347027226,0.0125248827336,0.00401268737426,0.0304781782712,0.0533622169514
great_grandmother,0.0150988349412,0.563883481017,0.0202744096987,0.00957227778517,0.00957227778517,0.0143584166778,0.0191445555703,0.0231095228518,0.00957227778517,0.0293060339782,0.031505121547,0.0163409003185,0.0325257935612,0.0487485130361,0.0163409003185,0.00957227778517,0.00957227778517,0.0163409003185,0.00957227778517,0.0150988349412,0.0163409003185,0.00957227778517,0.0143584166778,0.040218519732
modern_luxury,0.0189894176124,0.0883289668139,0.112982239364,0.0354347356679,0.0189894176124,0.0189894176124,0.0284841264186,0.0189894176124,0.0189894176124,0.165774053662,0.0402202319297,0.0189894176124,0.032416963577,0.0402202319297,0.0284841264186,0.0189894176124,0.0189894176124,0.032416963577,0.0189894176124,0.0600112481324,0.0284841264186,0.0189894176124,0.0189894176124,0.0978583923536
model_building,0.0185735068017,0.0855000878178,0.0365637334969,0.0105812125174,0.0503955137649,0.0105812125174,0.0220182359268,0.0352707083914,0.00705414167828,0.271983887743,0.0327316049745,0.0120421730944,0.0211624250348,0.0750818204421,0.0211624250348,0.00705414167828,0.0211624250348,0.0266920410016,0.0252678571728,0.0848631683789,0.0156936655208,0.0105812125174,0.0156936655208,0.0822891339389
scenic_landscape,0.00671601612587,0.0657627414691,0.262994784286,0.0161109515402,0.0613025508589,0.00425778361158,0.00726849127615,0.0305907209539,0.00425778361158,0.187565134523,0.0225712033833,0.00726849127615,0.0155228201841,0.0394972133443,0.0210206944533,0.00425778361158,0.00638667541737,0.0236529110054,0.012031397375,0.0155228201841,0.00638667541737,0.00425778361158,0.0163006142699,0.158495958211
wonderful_women,0.0108448968064,0.181838761466,0.0408002723233,0.0168368799317,0.0171021657699,0.0125828353096,0.0116913447273,0.0171021657699,0.00503313412384,0.353611739583,0.0475921448767,0.00754970118575,0.0221013223624,0.0611926272573,0.0178651586798,0.0100662682477,0.00754970118575,0.0100662682477,0.0100662682477,0.0300304706088,0.00859209739342,0.00503313412384,0.011197439329,0.0836532024428
wild_insect,0.0178854520797,0.0960583050068,0.0856357073109,0.0147691872372,0.0713351546479,0.00984612482483,0.0463565328396,0.0840195390529,0.00984612482483,0.169067431559,0.0254142151112,0.00984612482483,0.0168083864569,0.0498412729317,0.00984612482483,0.00984612482483,0.0208544270365,0.0208544270365,0.0178854520797,0.0404589709732,0.018373119052,0.00984612482483,0.0147691872372,0.130536483402
teen_night,0.0230606142628,0.0939834372227,0.0236893878541,0.0190426570341,0.0410822217563,0.0126951046894,0.0282433690495,0.053339270956,0.0126951046894,0.134296714144,0.0538319455049,0.0126951046894,0.0236893878541,0.144626502666,0.0294891496274,0.0126951046894,0.0216718993031,0.0661805314388,0.027354148909,0.0572788471439,0.0190426570341,0.0126951046894,0.0190426570341,0.057579077758
dyed_hair,0.0211224261587,0.0477813824907,0.0455295938588,0.0116281122577,0.0198504292874,0.0116281122577,0.0280727463172,0.0809105870332,0.0116281122577,0.221740088979,0.0514872729042,0.0232562245153,0.0258695831092,0.0813967858036,0.0325909897486,0.0116281122577,0.0258695831092,0.0592182127076,0.0232562245153,0.0590996817627,0.0232562245153,0.0116281122577,0.0116281122577,0.0599232896377
frozen_reality,0.0255310621941,0.055011793455,0.0476416106397,0.0255310621941,0.0382965932911,0.0435842494024,0.0593054828305,0.0638276554852,0.0255310621941,0.0616374366107,0.0382965932911,0.0255310621941,0.0255310621941,0.0811747222067,0.0382965932911,0.0255310621941,0.0255310621941,0.0435842494024,0.0510621243881,0.046377087183,0.0382965932911,0.0255310621941,0.0255310621941,0.0638276554852
celestial_phenomenon,0.0377217817943,0.0377217817943,0.0377217817943,0.0377217817943,0.0377217817943,0.0377217817943,0.0377217817943,0.0377217817943,0.0377217817943,0.105725691025,0.0377217817943,0.0377217817943,0.0377217817943,0.0377217817943,0.0377217817943,0.0377217817943,0.0377217817943,0.0377217817943,0.0377217817943,0.0377217817943,0.0377217817943,0.0377217817943,0.0377217817943,0.0643951094996
magical_place,0.0219113771235,0.112117272916,0.110632663312,0.0138912564644,0.0457201235875,0.0208368846966,0.034728141161,0.0398794176453,0.0138912564644,0.138332416232,0.0309045015764,0.0208368846966,0.0259214374531,0.0599633420235,0.0208368846966,0.0138912564644,0.0138912564644,0.0237138581096,0.0138912564644,0.0335364597548,0.0138912564644,0.0138912564644,0.0259214374531,0.136968102311
fantastic_places,0.0152592295483,0.0673814012878,0.0390873223707,0.00762961477414,0.0432117692878,0.0114444221612,0.0780745549157,0.0228888443224,0.00762961477414,0.335791754521,0.0177226464199,0.0114444221612,0.0161597834127,0.109849370093,0.0130245671188,0.00762961477414,0.0130245671188,0.0152592295483,0.0120345749178,0.0192840438494,0.00762961477414,0.00762961477414,0.00762961477414,0.1132798083
vocal_music,0.00909785864033,0.0926463895577,0.0202404143507,0.0155310161792,0.0409403638815,0.0136467879605,0.0227446466008,0.0466092907813,0.00909785864033,0.373835765806,0.0192695738251,0.00909785864033,0.0322929380098,0.036767915462,0.00909785864033,0.0136467879605,0.00909785864033,0.0169768353429,0.0646866931487,0.0397258147292,0.00909785864033,0.00909785864033,0.0136467879605,0.0731069679612
tall_trees,0.0094911660977,0.101999610144,0.112700778819,0.0189823321954,0.100155402944,0.0094911660977,0.0189823321954,0.0367524652162,0.0142367491466,0.147847498452,0.033219081342,0.0177107570499,0.0307140586779,0.0597136963908,0.022046798671,0.0094911660977,0.0094911660977,0.0317499236196,0.0189823321954,0.025930348002,0.0162024340068,0.0094911660977,0.0162024340068,0.128415136438
running_horse,0.020814840754,0.0901417894723,0.0499324129691,0.0197941203935,0.05595626747,0.0225271181009,0.0788457506625,0.084259147283,0.0131960802623,0.0937354240781,0.0318581559394,0.0197941203935,0.0246242209998,0.105332696472,0.0197941203935,0.0131960802623,0.0131960802623,0.0360523617374,0.020814840754,0.0631556338179,0.0225271181009,0.0131960802623,0.0225271181009,0.0647284210583
renewable_energy,0.01959470029,0.0422207112643,0.0415022412136,0.01959470029,0.100977602798,0.0599902097891,0.0365642085207,0.0365642085207,0.01959470029,0.083840221567,0.01959470029,0.01959470029,0.01959470029,0.0644917989395,0.01959470029,0.01959470029,0.01959470029,0.100977602798,0.01959470029,0.110803066435,0.01959470029,0.01959470029,0.029392050435,0.0575396742386
open_cup,0.0385347418339,0.101422100347,0.0603968618449,0.0159616126901,0.0399040317254,0.0239424190352,0.027248177262,0.037076841541,0.0159616126901,0.0916741895356,0.0319232253803,0.0239424190352,0.027248177262,0.0850774230653,0.0589395701522,0.0159616126901,0.0319232253803,0.0411991383053,0.036567966066,0.0465257740363,0.0239424190352,0.0159616126901,0.0319232253803,0.0767416230161
abandoned_factory,0.0320296820758,0.0560253422887,0.0121647418382,0.0121647418382,0.033234692763,0.0121647418382,0.0534173884914,0.0898192553427,0.0182471127573,0.172051289347,0.0121647418382,0.0121647418382,0.0304118545955,0.138876747674,0.0207665132834,0.0121647418382,0.0257653366777,0.0304118545955,0.0343744202083,0.049328642027,0.0121647418382,0.0121647418382,0.0182471127573,0.0996748204092
fit_women,0.0239511560922,0.133415049492,0.0792080892193,0.0252393478754,0.0221429443887,0.0209089603909,0.0277912742887,0.0435144493662,0.0104544801955,0.176743167447,0.0355234430361,0.0156817202932,0.0269844647809,0.0616707642053,0.0195083256281,0.0195083256281,0.0195083256281,0.0232585511979,0.0677160264959,0.0412316365515,0.0104544801955,0.0104544801955,0.0221429443887,0.0629875930194
open_window,0.0161497724096,0.1496351111,0.0698358896974,0.0137846929975,0.0532148723661,0.0179645616712,0.0351588779016,0.0593042960748,0.00807488620481,0.0724211408628,0.0712708668307,0.0208424023317,0.0274377831089,0.0823023745103,0.0220609993769,0.0121123293072,0.0179645616712,0.0420949864864,0.0228175439503,0.0444865648279,0.0237118361017,0.00807488620481,0.0187569565863,0.0905218074193
lovely_flowers,0.0147445820841,0.123184385879,0.0689107626148,0.0213611122866,0.0388837234085,0.0154935512919,0.00539689161097,0.016522868692,0.00539689161097,0.361244041123,0.0439384067874,0.0139301264988,0.0147445820841,0.0547865592686,0.0196757246664,0.00539689161097,0.00539689161097,0.0204212020018,0.00539689161097,0.0206616062328,0.00539689161097,0.00539689161097,0.0125363081387,0.101182215665
old_course,0.0189284630889,0.0679323482668,0.0533623678709,0.00878473029166,0.0641703473805,0.0175694605833,0.027419957372,0.0392159286835,0.0131770954375,0.249685036841,0.0416541812782,0.0175694605833,0.026354190875,0.0725875194327,0.0219618257291,0.0131770954375,0.0204058361349,0.0307465560208,0.0212082150119,0.0518209437767,0.0252194557849,0.00878473029166,0.0212082150119,0.0670560388154
tight_jeans,0.0244114659373,0.108975264518,0.0416729790402,0.0244114659373,0.0244114659373,0.0244114659373,0.0244114659373,0.0776150224793,0.0244114659373,0.103513656341,0.0455524155825,0.0244114659373,0.0244114659373,0.0610286648431,0.0366171989059,0.0244114659373,0.0244114659373,0.0416729790402,0.0385054323674,0.0559265329477,0.0416729790402,0.0244114659373,0.0244114659373,0.0543092836471
catholic_youth,0.026188967743,0.0564293828954,0.026188967743,0.026188967743,0.052377935486,0.026188967743,0.0990959683923,0.0392834516145,0.026188967743,0.121518249271,0.0392834516145,0.026188967743,0.026188967743,0.0447073644263,0.026188967743,0.026188967743,0.026188967743,0.0392834516145,0.026188967743,0.0632257611097,0.0554691238099,0.026188967743,0.026188967743,0.0488692791073
cracked_mirror,0.0493599081544,0.0790209562074,0.0343620196463,0.0229080130975,0.0343620196463,0.0229080130975,0.0343620196463,0.0980169568979,0.0229080130975,0.0343620196463,0.0532124659408,0.0229080130975,0.0391064245023,0.0801780458413,0.0343620196463,0.0229080130975,0.0343620196463,0.0572700327438,0.0229080130975,0.0647321315013,0.0343620196463,0.0229080130975,0.0229080130975,0.055304835907
secret_beach,0.0168280489521,0.156274270003,0.141911515255,0.0168280489521,0.0287272764803,0.0252420734282,0.0168280489521,0.039089465241,0.0168280489521,0.102634598935,0.0515199606034,0.0168280489521,0.0252420734282,0.062138957447,0.0168280489521,0.0252420734282,0.0168280489521,0.0314015668408,0.0168280489521,0.036259406137,0.0168280489521,0.0168280489521,0.0168280489521,0.0892082243
floral_dress,0.0116408940792,0.348691183913,0.0489099395911,0.0116408940792,0.0174613411188,0.0116408940792,0.0116408940792,0.0291022351979,0.0116408940792,0.0732387156231,0.0326268143265,0.0198722492216,0.0116408940792,0.0709980401446,0.0334190127392,0.0116408940792,0.0363349595066,0.0363349595066,0.0116408940792,0.0294226535041,0.0116408940792,0.0116408940792,0.0198722492216,0.0873067055938
grand_baby,0.0175889897584,0.0935821109389,0.0439724743959,0.0424635776231,0.037254078136,0.0175889897584,0.0673381654878,0.0175889897584,0.0175889897584,0.10553393855,0.0549008715554,0.0300262836907,0.0351779795167,0.050494976486,0.0300262836907,0.0175889897584,0.0175889897584,0.0538496210692,0.0277439977301,0.116567764029,0.0175889897584,0.0175889897584,0.0175889897584,0.0527669692751
serious_summer,0.0113890295203,0.101547184563,0.0632685280083,0.0170835442805,0.0362108438924,0.0194422895253,0.0212522184094,0.0368556737255,0.0113890295203,0.0888428040923,0.0227780590407,0.0113890295203,0.0455561180813,0.147462912246,0.0660088963139,0.0113890295203,0.0113890295203,0.0797232066423,0.0179644887797,0.0618960904507,0.0212522184094,0.0113890295203,0.0212522184094,0.0632685280083
windy_day,0.0109972731112,0.0855844082658,0.0665307801586,0.0187735195027,0.0542935806462,0.0187735195027,0.0219945462224,0.0355879233549,0.0109972731112,0.21929329011,0.0416123857696,0.0164959096668,0.0205211909978,0.0662578865806,0.0244661269534,0.0109972731112,0.0292341874246,0.0486940261095,0.0173465517023,0.0485601118212,0.0205211909978,0.0109972731112,0.0164959096668,0.0849738621016
magic_eye,0.0197033470934,0.101949424665,0.0457217760483,0.0182887104193,0.0610743103268,0.015610390788,0.0365774208387,0.0622682583679,0.00914435520967,0.111279066337,0.0427428616453,0.015610390788,0.0193680551393,0.120671754488,0.0193680551393,0.00914435520967,0.0300967051746,0.0333380449945,0.0209496670226,0.0375753109552,0.0137165328145,0.00914435520967,0.0170635991225,0.129593252203
easy_living,0.0162803351463,0.125254662005,0.102204248164,0.0103213189006,0.0437662146309,0.0229623012902,0.0289283411639,0.0468126918277,0.0103213189006,0.0770117364707,0.0303084670071,0.0103213189006,0.0350709721735,0.120522848467,0.0281983676376,0.0258032972516,0.0229623012902,0.038587414826,0.0249178680715,0.0489401580064,0.0258032972516,0.0103213189006,0.0206426378012,0.0737365639153
historic_center,0.00916515306838,0.0534370484185,0.0645366360085,0.0137477296026,0.120192197139,0.00916515306838,0.119242418833,0.0412431888077,0.00916515306838,0.177913517297,0.0156458949536,0.00916515306838,0.0338430829463,0.0680294144596,0.026913395668,0.00916515306838,0.00916515306838,0.0171024084552,0.0144566566596,0.0328294765346,0.00916515306838,0.00916515306838,0.00916515306838,0.118380556601
beautiful_day,0.010934909159,0.12859962609,0.0794979197937,0.0236427635164,0.0456257763385,0.0104234766861,0.0136335018864,0.02572793831,0.00250427230886,0.255835275754,0.030642532727,0.00824228101691,0.0187820423164,0.0703973069348,0.0182931084574,0.00530413386724,0.00810399542563,0.0309473381387,0.00897027560657,0.0292816462798,0.00850930634974,0.00467303574632,0.0150256338531,0.146401903437
old_signs,0.0201181387736,0.0592750188968,0.0420243261007,0.0142579018329,0.0643063763182,0.0184464905494,0.0400578985208,0.0402822410728,0.00764078656376,0.106529214779,0.0308793316698,0.0191019664094,0.0302425380222,0.105937063178,0.0177485970981,0.0142579018329,0.0177485970981,0.0460352638704,0.0341092476402,0.0703387054586,0.0177485970981,0.00764078656376,0.0203115976314,0.154961413021
golden_princess,0.0223463881219,0.129515900709,0.0519078809574,0.0223463881219,0.0735483956606,0.0223463881219,0.0223463881219,0.0223463881219,0.0223463881219,0.0670391643657,0.0223463881219,0.0223463881219,0.0223463881219,0.119752035698,0.0335195821828,0.0223463881219,0.0223463881219,0.0473304095679,0.0352480813195,0.0651364636186,0.0223463881219,0.0223463881219,0.0223463881219,0.0641526522139
broken_nails,0.0217632542408,0.0614973384821,0.0217632542408,0.0217632542408,0.0435265084816,0.0326448813612,0.0406107852823,0.0561739805899,0.0217632542408,0.0750721222732,0.0406107852823,0.0217632542408,0.0406107852823,0.106751478931,0.0217632542408,0.0217632542408,0.054408135602,0.0594583163239,0.0217632542408,0.0704273701348,0.0326448813612,0.0217632542408,0.0217632542408,0.0679300882039
spooky_empire,0.0331812643032,0.0331812643032,0.0331812643032,0.0331812643032,0.0331812643032,0.0331812643032,0.105498153262,0.131332767764,0.0331812643032,0.0497718964548,0.0331812643032,0.0331812643032,0.0331812643032,0.0497718964548,0.0331812643032,0.0331812643032,0.0331812643032,0.0331812643032,0.0331812643032,0.0331812643032,0.0331812643032,0.0331812643032,0.0331812643032,0.0331812643032
old_highway,0.0145974148187,0.0678996373349,0.0818881722597,0.021896122228,0.0496007858917,0.021896122228,0.0249193458247,0.0352412768308,0.0145974148187,0.111700401296,0.0272391468812,0.0352412768308,0.0249193458247,0.0802857815026,0.021896122228,0.0145974148187,0.0249193458247,0.0419066773107,0.0230252361937,0.0398808789437,0.021896122228,0.021896122228,0.0145974148187,0.163462420835
